827143707119714335
827144942375141377
827145039444312104
830681607152074752
829562555378040852
829927964262006784
829112735295471696
827144158354604102
829061626215923763
824970098380636171
830681609732620320
830685044909408297
824961193349087252
824969587384385576
826861765870092318
824961181248651305
830704580253843476
829658226135793724
824961195236130826
830705666841641041
827144376018272267
829061693128179713
830683902343381002
829112844896698428
824961164780896297
829305486091354122
824961168744906752
824961153251016734
827144261748391967
824970529886437437
824961191486947349
824961187837509653
827143867395473439
827145421491142676
827143707978891274
828101702855032882
824969486876278787
824970644549795840
829094474629382164
824961172901330945
824961176173674546
831158782015963187
827145596153888788
824970267037925396
824961163984896050
827145345158873098
829301512516796437
824961185601421364
824961161392947260
824961153905983490
824969325902823434
829928043995988028
824961171584843790
824969993057337364
827145319082754109
829047430406209547
824961189854576641
829710458026065931
827144123639267388
827144348616753232
824961167424094219
827145071051931708
829094505117646909
825335887075868702
824961188844404736
827145001401319424
824961183614238720
824961151677759548
827108184241995816
824961165963558933
825335539774652416
827145468429336576
824961172377174016
824961202903318538
829110574934655007
829710648882495488
824961155482517514
824961157063376896
830685044909408298
827145509981782026
824969771862589470
827145381011652608
827143643155398696
831555197021061140
827145095618232320
829710701131595848
824961184385204315
824961201275535400
