760052494054588426
780652734302650427
803502120326135819
782641827102720020
781549579023417396
795180238170619944
588687877983174670
717673938494291968
539372366036336640
596723981625589761
782069817640747008
607223178653335568
745850834516181032
757286293213282345
792339256735432744
781414009370312734
781117935645097984
544921517289635867
614140597917188118
763761018765574184
587915241778708480
781510585199886356
753877496365056026
245543051915821056
780968674939895818
620124432459104256
454349400282497046
461496806027558922
751088086620045413
764382289239998484
710447684821188659
696240180369031209
780839976531001355
731464252451323916
737259900782116924
819605774108065844
695982584492195851
826122934824599563
682859003637661732
780991312526180362
781372733081518090
807832697761300520
751470926289174629
789750772518486018
801348303367176193
819033508571119616
774957360783425546
827490160223453214
602084628487995406
587246202991673344
784317905604182016
790152400764796938
789497966590951444
791567059170361346
796013128579022899
785397308576628780
495031228295151636
817076290490335252
781164391423934514
764838719848841216
815149818006732810
780998903012130876
826365390912487474
768759405323616276
759452658129567777
829289507500195851
554910457287278602
782552349654122496
510315927393271838
788711376079683585
780838969142935567
789924566831071244
783353404772450355
780840571437580348
782547317706326017
496605030653100042
781557767227047956
743185229350699129
781495662491598848
755343380837433414
742382539456512080
740843855775006741
780647889470750720
781910620319645727
781379276146475038
779654360211914753
781373589600337950
709396442854195200
785005656515674142
780469331225214996
781538734893826049
766172918907535382
781059518268309524
761612763415838773
782648530724454421
781565586257870869
420572699522498570
609328202975936544
703163954280661013
828987220563984395
781421677090701332
781774286733180969
730789804895240243
781592069918949399
656795146507255827
776740889736642592
781508480594083851
783621636410441738
781424415954829322
628719925703475200
667253375192006677
754661033045655574
782665080998985728
789389244821012510
549612412748300289
563020240821157889
781399326756831252
766575974400917525
675927140293804033
782066277808209920
591634355097567233
806167672701976617
781090962239127582
767183024063512609
728609584041689259
780997535489064960
783350270977114112
781062159379464235
781505845757739069
781376228472782879
782528425096773642
704267884054052975
747465407211765800
762591781295882241
738064610539733013
791918366566645780
694882125526204486
825799292056109126
725968345714786344
740450919157596221
824928543217025035
783201187042295828
705675055106883614
576956901926109184
729267290121437206
677037994137616394
755308464405872662
700274380294586408
781046563761160239
782140997311922177
536140136346419201
782644757272461312
780292258641215522
770531825428463636
487285873956880405
823805715759628289
651095740390834176
787214946723168256
828223036972466206
609720314246463518
782554012729475092
701037134945058827
786063199400755241
242730576195354624
744245821519691896
781119139473391646
780430182187532318
786821585952702514
829998372114792509
677952079725068308
781222094536310786
781770890869473301
782641918068129832
771061234194972672
782064261517934595
556421242975027201
781067155369754624
781398386401214475
781768556294701066
781056905320857610
541466019005464577
780820909337739275
697481560651464735
624473953351630848
781448918877470750
790832294444662784
781544491966136321
716527837062103060
522788568951947271
751791075105964092
826401189310103573
757853079528800256
781766873142001675
763625280224755732
782170572641140786
775214970819969054
781596048263086111
689387579077951522
819570325368209520
634063242444144661
677767597739081758
691682938428981358
728490997893431316
782100666973290516
720202501386797066
781501744931667998
736501077909962773
748126466167930901
606101847962550272
782555609702334495
796264063843565618
694564725551530106
717323608170430515
781438475144658975
760015814685360138
782160842014982155
745736800626016396
780656300659965963
504565007162277889
827905801796583455
780819834929545237
743824518191251547
587480309499559952
782164290932178944
782104269079445544
756973682219417640
820922903058317363
782535035928576022
658705358772240394
783351606326460486
781498786341453855
781466870960095232
746247702450405468
781046842322190347
781500985184223262
781463151370567711
780661982034526209
781495370072981514
772502097211424768
782545666948857877
711652556702613564
780797694406819861
782986886796279848
782098104379768832
674593241907200010
782099732058996757
703924647254687764
370791754208772097
781406068379091006
735828070841450774
773427383285841950
780981434504577095
590934280109031434
781057429504786484
724979470800519179
811300003024207893
782195307811176448
782095888020406282
776644673023246346
789342684212101140
711133798829522955
781410510263812136
821664208487317525
781039136668123146
772433564385673267
780322730591256576
592933762610888707
746408394935500841
803935463706329118
728691210994057297
783349574705479730
438239127746379776
692657597416996915
781775172692606986
782535122469388288
820275669505802250
557520931967467530
744983336874934372
478429831445610496
781117334999138305
826055859062702110
781502512632037437
798893421339213844
706901835205836923
781406204378611752
739019505673568257
681522283520589892
656170189418790914
746967928402083971
781114156551897138
825659919612510260
758035900490842304
781004410460438528
582840784718528522
782146907312619551
782548198660898846
781423555639771136
782261404194701333
782063147565318178
539733441663467541
644852708913840138
781416100550148096
780774698882957342
479284427437113344
820746601856892928
738087366601998478
506486770376900631
669587947196121100
785006160063365140
781444985442664479
780749779884965929
724751993821986896
782103378724913193
610692856901926915
781473040252796959
759822669016596480
690401927439188040
806736029645275146
817950799602384897
729761682078826548
811258099079053323
787204549748064266
781118568486010902
575262948654710794
749505140167409715
823200379868807188
792064459522441276
780983581467869226
781594108845752330
745165238562979940
781129894603259924
779230808438866000
617647877178785811
659025583786819594
782166768865116211
787904764091826186
743525849965527150
737169615901425804
781414304892977194
690611882570153984
783345106308038726
747645130345021532
752112295521550396
780975825998577675
783354938385236008
782265584074227762
781046265236422676
745915767270277171
825343503731130378
781430255171928104
565152823382376460
781401882433683466
781776755840385049
830851075891920908
682587689765306444
781084587156832296
558205868382879744
611070580627603487
733404053685403678
781420701466886173
650815676243509269
717384289062223872
504678111405932554
669946535844511758
763424729696043018
782314398609834004
714376353352515605
789941988598087690
678543516074377237
620220470020800541
558951849156411402
788685489305681961
661911453208674305
781034868008157186
780974102868918322
778824290232958976
780639160696176650
588598012599599104
799907680907034624
782258899973570615
758595270761381939
781421026478260245
523750022555238409
762379915101339718
728142195638403162
782063650163654657
549321223373455367
497103296000163840
496780553568124928
781424018506121236
782100629572157480
825558368185745408
590384456339030037
781536113277009931
799669253652348938
657037994573692978
742670368984006687
725555698431426681
825284996566482964
781415289522618369
737040429996048426
677023239544897536
781438820515971072
746985670618382357
781912554778656809
830787172197203982
782281279373836308
542358269738614794
770108433310416917
827638477440417852
607814678982295552
781167989528723466
805117039751725126
782260894516248636
579260329796698120
783295063148331009
790444129384792105
797114547294044228
695939456703791167
781062260072251422
509036912582066176
619129996291604500
782159762505859082
780798306758295584
781374079613534248
789348310506668062
769876575960825877
782534552224137247
754789059028844574
828292285153804348
748758634925916170
780735555633020949
824933846369173534
586919657886449692
795660896868499457
729256696802705439
781379246403878962
619942037453668363
781420431945105438
782090189177749534
769625061422268437
490776410965934081
797458415088959529
781005191247167509
703155829989310495
711945457051500624
494013598385963008
781049564818964481
428490495262457858
781378110381359134
793545879990435841
505019404161908756
675248034400960552
773777166344650753
781501653978185729
782893529164546058
766519029019574282
782133881033850920
709843009360887868
790842538767810560
781771364641538068
627373292533055488
762233644274024449
781405326746058762
761820421426774056
788616388608000030
781560468547698708
756451369099067412
781166425959825428
781413361627430942
781422512965681152
385374123574165504
781165163751145512
745906090348118036
828967483242315816
782612511635537931
794549471769657385
592375799504699395
722431221191147570
621022595902472192
786490644159004703
781372790606659604
824657676620660776
772358536017477653
483643291322155009
717581962050797640
499131741974298634
801342761184788510
780838405222170644
828989538314879036
781492691296845875
780446019183443978
514457419934597120
813658988213567518
781410320119889960
781513880147853363
733248408868880446
564375394422095892
824620877924532266
401738477651099649
781531281791123466
782124757012578334
595500060352184330
584450866048794624
782273739022008330
827811346509725729
777804954005012510
781427904697204748
794246296641994842
733317019063025665
781039746485846038
781420040401846272
780749229748256798
795682454752854067
790507544673648682
733241658162020385
782096906926817311
781769731190816818
782066770277302273
608208404074332171
530806221385629697
755072468237942946
782169823005114399
782170865109827595
782459930430537738
765951292975087648
781071457346125824
789694594752315452
339425274569555970
780989395233669140
790619350390014002
696281481395568721
483565004340068372
784523423320637460
685919603695550466
730050487654547516
782649287287898202
781167526762643478
604702635081334785
781560233347907664
780982832914366494
765119152058138634
484311702985375744
754661783746248764
781537168065298452
718286608322920511
782272799120162877
813440338341134386
758206432880623646
743750650898153472
780739574145089586
782650030774419456
718358369123041370
782159178344431618
789009960528773120
781766378175856641
781418435145498654
784002517902163999
781398685073670176
759816967854620752
547082921086025748
746414651935424554
788631044415815680
593566102173253643
457470162879250442
523525204857585703
781518491093696583
756413102957920356
782061021065510962
781425329478172682
781129283875110932
458191552695500802
780987065936510996
781922382494433340
707487545939984394
816657796543938572
763389194185474089
725803595613864090
782274214144770078
235088799074484224
548881147397013551
816067407138783242
796060992575504456
781376694342385685
780993077581316129
675645482084728852
678796421587009573
693371901929848832
787769185606041611
434568192329777153
781756345158074368
780769558729981953
530421939223920641
676121241421217792
747163095314727073
780389336280858625
777801500290318376
780714858161111051
781468086712139776
812448478281596998
780982026672275466
491164231241302027
798213597561749545
781485771692572683
434771972707188747
782139276263292935
787988859002552321
780298077596418118
782277626269663272
765841544447393792
747878861735330007
827250722428551169
797394473009020948
539819004848766979
783360118498394115
782097579496308756
594059512554586112
522356520290091008
794579135695028296
828987733942206535
743348679087226910
741912526131822633
781167110264193075
700554115029270539
713305617682530335
781398733790248971
791220426248159232
778275373435715604
776991560968437770
722393324664651776
519715783845216267
590856767244599296
511902607808266241
794458451597197342
720874622379360276
589698584618729473
711908294163300442
781517809552719882
459639834038763522
811241549173882930
781472620360499220
546289131345543199
777924292142301195
754304335134982144
782533999280783381
803146691993403404
781514448564650015
729383015217627177
829964941716750387
796652751760130060
783352156375482379
786222215128809503
508884713168044034
782169943122640926
781564186504331304
782644745075818516
794375259121647648
780971108768808960
660168058907787325
781428448752697375
754705367451041793
786880525767933963
780661314883158027
782100942966358036
642989595096776715
825240500423622656
791273196242468904
797372983877959711
698098827244077067
781417395625394207
766195394484240395
782544088557420576
640523068724478002
775259226434961427
781378077870784522
731427801890160652
780975221732802560
609751661409206302
565755090892357635
781399614040571914
781777309828644864
294882584201003009
781511904841564223
782922822330613771
811091344281174016
751125311470567465
781537995693228084
796014308852236338
782490303282020372
816921999200092171
782280777416048670
783221656792858635
778471249156374529
798505488395796561
740154863760965672
762335033566429234
782069484601081906
783297187165110303
759806711140843531
781171094773956608
780655612022620211
789721780604108841
782171732269596682
632856413529440285
782269464263262220
664689977275318294
780736470172303380
594534210694414414
695046562492973166
827781529982992395
640271301092573184
709043194188529745
527433909844049933
771257868695240705
780455366303416390
610412338771656715
743521276102049854
557058628662722570
661952107099717652
772726103332749332
824600150420750347
745489471624970241
781424386792095744
727171130758135820
813832133100568586
785465956973150208
726036220571811850
827919503530262599
782559568172548106
543389647540191242
739331417892192316
781555426004566027
783349046492135446
810466033705287710
781041553102733352
760159307848876043
760181291127013468
811236853746892842
796976595289636876
827011426081177650
782171480171479050
782062058883645440
750344861550379008
583560491268309003
781170179493068871
460466646348201986
525695111384793111
272800741503008770
737239520809844739
791553149206790165
782257622212280351
782277189781422100
794896558436253697
781409762326609941
466901172717092878
782101802207936543
486608741416828938
781067426866921492
648568560523935775
648107029780758538
781380491126767646
780984582178471976
754424113225007257
554230525519200285
774184191172149249
782913401172525056
568084617907666954
690805364110786561
682634153304522804
720943994464632863
804921940800045066
782818006320545825
781909233133420584
794244145883250698
732295479102144625
779972882993381407
824603258080329738
531701153059176460
782169481677373460
787633669014552636
612591674883047464
770493293922484224
781428391462567936
725747662753759242
782268311110942741
781417351207845899
706858097544790036
762764142699741195
780646689702543371
781423270179373072
696455300533977138
688303308774965279
791010450237292595
542057504767606811
781063159548870667
810109311136956436
780300684339052555
782528280771166219
768006809133907996
756550551411621998
780751923267633153
287176542323343370
782531281077665824
781402994428084256
781431784264040518
782263064598151188
814134909932273705
764439669504737280
717746849984938105
740274642069225544
821631229233201154
781427293452632104
782102506607083541
828174789486837772
534082984706441218
781778981627756564
781500989114417172
781467493847269397
791291923259850773
556762229949857792
380579425508392963
781426142677696542
782646982514049074
809447901645897788
507174432935116801
781597704497266688
781416861191110656
600649383943340048
781054436893786145
519818285785677824
774493642059939851
827500432469393439
693798765601226753
788712573067329546
683535489562706039
781398238988206090
757454465132527657
711452957186588673
780789791268143105
469045982160486400
718660338127470633
707596792572936313
774650911573540894
622085393436639263
781893037151617038
782167385863749633
782263885792673842
781418303029248001
745170186977411114
783720510601166888
534453741164691479
781418095428239382
546049634225750026
781409696207732826
755048311743840266
780750319424110612
782164484609015808
682158342873022508
783353122986524672
787551521293336587
751284625392926741
828544298046717982
794627449135824948
778604980033945600
822337461090779166
780773266159435806
794029074007064597
790214905726238761
741912678175342592
749692668140847107
829994546079334431
745276286162698280
782532346867089409
754339281266540565
774533269399404586
819817991331905588
782097985348960296
825733400941166614
781408582893568040
576647072199999494
660570710896410625
786199404147114004
783298917403983913
803663550845026316
781370954400006164
782161497853919243
781379822478950400
827571910812499968
780760308070350848
780431017194029068
646987657674752000
763062232598183966
781421016127766548
782172290271674389
761086551827415070
671010188584550410
782162065535008789
498769812030488577
732456349228728381
781420865769701398
781425157834145802
723511394296791070
803174052620533802
590231516613705739
798068172347146240
780445432508710922
735705012373684285
781913097648341143
700582743641423992
811319467895947305
685550881222950992
781427542044704809
787578560176455710
782093836796297248
719786391680319548
781448199440957452
710495230843027526
781545957338513448
781558532712955935
692675224780406805
791209731620339712
781060576109527080
781778032797024276
688578315874861063
781512258932310057
782817247806357520
807879196033417236
729354826059874334
706392730040926239
553473612615778305
701325613830635530
781157448500772876
783920778671947786
794905454395916288
777741816165957643
781419147254824971
791957390441971712
318370063289810945
781443819622629376
666922747288485931
757615337129902100
781519375240527882
578123417975521280
535139002882326538
781081443648405516
727476396108152892
780844673321271357
524523763996295168
781426854652542976
830810343898087474
781420032957349899
783195962972962847
742406889203171329
781473939721158656
547064973885702154
751327742322016418
782268709963563068
797727340708888596
781771793840865341
764879618356150333
599455730046730271
282859044593598464
768736396667781120
490498026117529620
782332002576760832
782103316061487105
809703524647567380
781397346499428372
754317861543215114
781381734116622337
441168798570250240
782632362345103380
783345603835854908
726316055709876286
707630069711110236
781372106863673346
753129418385391666
738748814613282867
781915088894296094
780743593408593920
781425552245653504
781064776888614932
513888620856475649
485448992918994944
783979564140593163
781401597673734145
408785106942164992
781768458333192202
783298451974520843
804016708058742824
674251362514501652
782576451186327563
728847907155083295
781545190225608716
782265006585806879
828617469115236373
602462459969667092
729773650605113355
733279320923177000
781769853706436638
781419321543884800
781161345931280425
771743049591554069
782267213343358977
651125371424473136
503148612688150538
781398958484357150
779987382559834112
781563099253047328
649918353896636426
788407543575740416
690631732533395467
781374666048536587
782158452683964416
805396760142807120
780657435248558092
782266864591831050
787014473420505130
680593362008408101
514850763579588609
496594679366680577
817056717711605832
788063796153024512
782276131381837896
731206368282935346
800246340096753706
613919136371834892
781498233020088340
781407747635281950
829996091868053535
569508921916653578
782112328598421525
781084847602139146
781422627922378783
781921864272052225
781063692397183026
781498922878763059
781003650301558794
782169248243253268
823663399937376256
691871419239235634
815533924385947658
782121507270295582
739909379448635432
498779672021172225
691949005936001025
781066846043635722
780995345404133396
805691632237281293
782267641535791125
731208095950176297
561477561150996490
692186715229519882
781400882079727668
775352253376495627
813037596627173408
781129026613542932
766572150165078046
760005026885926913
747512425355673710
738815928640471050
782274720196198411
489798972068593684
782631604019265566
650921630117134336
781921330969837608
785704411015151617
719885048815550504
828986044045066270
771218247466745858
781765740902481931
817351750822002699
796089335174791218
782171116156223508
787927961193414656
726812288874578070
804045705118482523
782095465679683585
829992602467303444
725983753125756932
808565187501096991
831078999094591498
789841771056201748
781000222872436758
782615544456937492
830001569072283671
802073005303529502
539018879440125953
782068810935959573
721606237988454402
687245129538338844
789883066356465684
719610316308348938
812637618084773950
737940605157638195
743745479984152648
523878706805080064
811661536401555547
781552440192925757
777505222141804544
823154176510001153
788202025393455115
829685334861545472
623904925155459072
780297440153960478
488225098336043029
810087589729665045
728232124188065792
781383905022050324
772866279777501214
717770844511666197
795437894482788433
801089163772297236
434438904138170368
484792157928947723
781469495147495444
781419591540015149
824940714898096140
712559959300112455
534329270097543168
668298216885714956
828985567885656075
807190360869568532
741172600067325972
593383746560983041
824948609757085747
825361907586301992
783966009450692619
783954370411626496
590915028501266435
781422275089530901
781551615991349271
752225148194521211
771272964296802314
828988360953561128
776814512787423272
780444190898520074
592600025834586113
762004448851001375
781410422544662528
781510043677753395
781408317619830795
781399210967826462
754737840234954784
500951981259489300
622325311291392010
790108935629439006
782279764047560704
694785826000732180
791923029591457812
742985597056057447
782279146277175359
640787456471334912
714751849374154847
770849067693244436
737696237175832597
691647551795101716
826143125848326174
782173381294030848
767639111741472778
781464258189721611
692034782363910206
782163105018413118
781397917003939860
782065749174517780
781920119366221885
697385276909027379
811054998813278228
698902609817239594
744220030157455381
781130943959269388
754881967656534026
690095364891869247
583668494890041344
782557766966706176
781535556235821066
745577478684409938
769873706473488385
781401304332369961
781397577547120663
724946570780475472
782239621852561428
781053787212349470
602060312031789056
770897328042934272
566971971410067476
781049356660637696
781447673801736200
712699293651304458
781047706818707477
708600517462458419
782534553452806155
755079773713203280
563677275565064195
781594512933650472
781378704953049099
674683976820195342
596379875963830273
235148962103951360
827192757546254357
741957556531888180
338897906524225538
426060482064154654
782643936606027778
721440414959403168
769063499296014347
677458562707881995
738245005390512130
743804405899591772
754964833040072715
782096467431129121
718823952549675069
781400411193475082
781551725625475164
575076394531291157
745336263170588752
734237602130952225
657950735845163037
499891938145861643
563044824098275339
742689827023224922
788054682903117847
787589625815498812
821702612456833024
463011660647628810
781116380388524042
606584797111910478
790269453619167242
781552260551409679
712532207326986260
511830022475087872
690796349959962674
792056731915386890
631765837581385748
796063127383965698
782067324169486376
787265162712186912
753476711051559013
749215945741828138
506273637926699008
824974042276167700
718397006309228606
551023281625628690
829999347383009301
719534331638579222
781036280451956798
826491437406879744
783296653729857546
769566553486131201
765765457612505120
549256149447475211
366597908423901184
781042458368147476
798232240391847957
782819115903221781
761816936224915486
781376954191839264
781914104155340800
781554365269278740
746967173234163842
782648022706028574
783394021467750422
730669152854999061
658758605964836866
782640314464600075
807632827611873301
782646459152728105
783964574071783444
780819290894762035
155149108183695360
781421907593396296
747217826204483658
728854575917957204
748550478127693915
576985137489772547
649948507389820928
778593164373000203
800294520603672577
751769723452129400
784048883364921344
614094082410676233
782643167735447552
782552561722064906
781407106175598604
664748767899287574
795176485300338708
768030979326738432
497357137048240128
790199197851975700
781428025127600139
541626242768699392
697546882410348678
707992648669200414
790213471979307018
745901370925908028
763252859654897675
780875191063937035
780972333740589066
781553562344751124
782535950285668362
781423437742080000
781069224381775893
782091356826632213
458366995822411779
826347581671473212
824158785794474014
781917829594087444
549273850014072842
780410253631946763
530643384587780096
770901956376920074
781375623079264296
769068129665155072
781059006818680853
395892814581334029
782641447521484800
782530482578784276
572307783085588498
613071857637261339
781490974798643200
763087087950889021
781168566819881010
781400450565668915
572075771414183966
825230176988037140
781425308212789279
721371068824289330
461751250606620682
736949659876065280
782266640065626113
578223449667928064
781418366472290324
782092425253355541
632521154636152842
779307400263761920
776065313577500692
780471153910611978
780751150143766541
782118457989922817
781420026758299698
737363609297879071
781915762034081823
397674464554385408
772830989419544617
780970041549914112
784314311828307968
780799633869242378
799957416824406026
781377615873310770
781371448827707393
781914589599498250
781399250445533184
785928817029939200
543751096011849730
597490240193691660
781506902819209219
758604495424061452
677885589118386188
581884694325624837
774986995613171754
781093319194705941
662794390640525361
637354130196922390
781434152406876170
795348232107589642
490407259491401738
763306154817617932
795728688271458344
798420453084495872
783361632982138920
803118886328598580
781054368907919360
790212693654372382
781426842728136714
781433482484121620
551335351944216576
294168155390083083
823497640724398091
745600335162376224
618085640088846379
747846708393803876
781159681971847180
781066143943229469
796257447656423427
642103678593007635
792305964212289536
704951927397548112
755622468483285012
740054439448150027
437080450704605195
781542430155210782
728303797495005194
470175257685262346
787581066697375765
781772839039795210
726020867213099019
781035805677715467
787168163724394536
790090948599480331
781422920160247809
605267579380170762
701398357834203136
561709218630205470
756737186178793492
781909984065749032
781909050827997205
782206954969890826
805360009206169641
690946324954349659
782098481014898689
730388144570105936
781463660030591006
781003039577604117
595224409556385813
782612351030919169
782165594421592114
781424602605813770
729193808691986473
781767553969160222
781508470792257537
781423695335391252
773593580123324417
781053252691165247
822506139719434240
595662041318948894
781506912512507914
531154985841328129
506215971405430794
815137671344554014
781742227806224404
780428312052498482
745288654167081111
798842715830878238
686211744544194589
647483553583464482
790883151349022760
532856848575889422
781912021632417833
545371491936632849
782158168553553923
781770959794470954
757265437401546823
734296002550300745
826429628792307733
782163701310554175
744119940646436878
750574596549378138
782642723362439168
663028379368423426
781115286035890196
790554059203280917
548822666585309185
781062668290228254
781091813892292628
782172013934411796
781048822650372116
824209059087515670
781416121970589696
781814407185170472
322826259442827264
781403378583863298
706794671115862037
780822307706634310
716967712844414996
782102834849775638
729248085968158810
781400376477089823
497836870374522901
782558428366372935
781464951612375121
625746776313430016
748454549546729603
772919850930012192
781431093864955934
585372262690193437
506283963359297536
739555917988626583
814908828910354504
781052720160571412
594233326613561351
782164638941970442
781165809803853845
782563205968429058
782245188252205086
602410741072396299
743008130870411364
752510984064598037
782642358801924106
781001818415169576
828317985893777439
795591568413032490
803164742142918688
781428559297511484
756842469349523489
503198205207511045
496774634738417675
780768309322580008
706764846913290271
575958635214012426
780775516768174120
760818343875313664
798032226558279721
780650831770550285
811883087071150101
822498164241072168
757178247133003817
777467439725412352
661979047869284375
781408856231116810
760837615585984522
679656473906774032
782159812171530240
781770319526494218
782102785218052138
536828989436854277
781767742730534913
685357940584087585
781202177678376970
782945129346236426
781170511538421801
693051147744968754
781398757735923722
782546775797268480
781052376072716289
653131263850446870
824565597987536947
737574397434527785
781163959200907284
763795791936487425
781427635867222046
781559097538641930
781055470534262814
501699876065902592
748024208784883833
762605394811420703
708926733289521203
782103545650348032
782157604574855219
719190991344763000
822721364984594452
781497665413709854
733762233766510593
815118796896731157
745235956700807189
781555821795606550
516310713476579377
782157652821016576
512654814350540810
690519532661374999
728116662942826537
787551562103783454
781052533245476867
723833547533582346
781466153796370504
828847017463119892
531440857895665687
828988850642092072
781402327658659860
781433177573949517
744584877311000616
781455528713912371
713465884357820437
766916541627105281
546362320092397578
564375209667461133
731756766571790346
479985920490209313
827062302125719562
693717256340897823
781428897140047872
647720864493731850
830651251523846205
573405810642911237
407861617053925386
782259316186021898
780974792186527744
590602797494566962
435456923513651211
781548576525778985
711889307685617744
803715687310032926
824597645284605983
693835708036546590
781454751912689715
797838862034534400
437808476106784770
782160244104626197
761839090529861652
780742012327821342
706553461004828773
730791983190376488
414434575893266432
824954464200163378
781436394881941545
825236149663825950
740216517446074428
780997902222360576
757246595787128934
784279508517257256
781421328162881546
572346917531418625
724148695016144946
780988877582106654
788418716970123275
709628046403043328
781375947864539157
781555857292787732
783615798949183519
780432602325581865
771638162464309268
781373451477712937
586492196413374485
799899924321140758
789547215366258720
782146553279152159
782529258299981827
781917335434690600
783360934985859122
780649427123568640
478578891532009478
780797408434716672
827097221123014707
782062623629246505
732719063930765474
595814804036517910
641673037682442242
765933690923646976
735829594757660732
781461951376523305
782533857965899797
735140089973309490
772666073555140608
782102293725577227
563483539098828811
768814093229752320
781445849875611728
600638542586183692
559791456408043525
780740669466607687
758659842260467762
781415483256864798
752083262486347808
780969054060019762
781510901945466891
627996642070757377
781424775075332116
781445990644973578
433973568116621332
756766990932377600
782645920742244372
749159513416007710
634359771994259477
781446457647169546
606216002446950517
711952689524899901
782614988899745793
530681241935151104
796014830523252786
782616175258370101
747679430851428452
751092951135944745
782614298677215274
781407937964802048
780976934389022731
781094126376189962
770919748719607828
534431516588244992
781054395277770794
810139709833084928
528494231468113930
782099992562761738
807627183539486761
789029720473075723
766684670573281311
604693039910223922
781066055807270973
573171818580410381
791942337579188225
661461707536990259
765205351985184779
767084781694877696
781422505931046923
724099331132620860
780744927814484008
791343955634683924
421220413658497064
781463354220609576
782160429467828284
708250881706950677
782141643636867072
788761630913724476
781400679901298728
746626400345391205
782561099550687282
798495748450156554
781045497015435304
447326746984054794
756887776066273285
781446455440310312
781170729278242857
781172159745622056
781419792736190536
782479476176584734
513333909249851412
763114180051861574
782560974967406594
781439404115623966
781918370940321853
280497242714931202
735703639292903545
789003143605649428
606149096683732999
771357566047092736
782140457340764170
715953423979118663
781060009508864000
780476468831977533
780381656783519796
731170195707658251
741630457355042868
830664543725813790
767797071490580503
690083468172197945
517928028932800523
758688517709627452
711792801586741250
752812349953409025
782097523305218058
694052625359831161
628524815346827264
780457286958186517
827037006105673778
781457791269076993
593698478866038784
741648335068463216
753283951518417087
751653954936504323
744186727744143390
781404076171591721
781048145013637171
330910204818358273
781051050211803157
702971506376048780
781533577162653707
782549838507016202
788751472031957023
781376242238095392
730392109856850000
782553444786634752
768755744786874388
781151308605292544
781554712411504660
744957516391121008
734653864837644309
757521277685596201
826283854082998292
697782233360236565
741474903584276481
783989007099887637
781561176428380222
777542729634545704
714401874266161203
782059858768953365
729354709407760455
783346188728139796
656494148077223936
541199704684363790
781557300573503509
781420292693164063
823984477989502986
781426753762754631
782260348543041577
767730302549753905
498670267321679882
754631660720357519
782163770192560130
738297911179477064
706702294967910442
539669051174289413
760950553910968321
783222381601751080
781513612820611087
823181443059810315
780707060655456276
781413128637382686
580307025406328842
657556045132070913
611562418816024634
696273387902730251
782549390102757416
792590833874239500
714276818672418976
790789874189598751
780074240006684683
733540059994914957
695624342226075700
781447185879138324
781753591366156299
751143690701111386
782094917161582602
452790310905315328
497374295299850240
798848942296793129
730997156348952638
781497061970542633
584725113111576577
828846534706724894
736270867251724329
780744277591457797
732492436663697429
755995695886106684
781559684791533578
721256686349844600
159985870458322944
824504017026809867
732801832987918347
780677501256859668
781049853349986350
789495775137628200
781793833947627560
783355130614513715
694956921333219328
790493078649438209
573626814065541132
754567911984857150
782139974883213363
802842153930981397
733575494523682936
746228224933232641
405345081944702986
822575072790839387
787559569500536833
781423153493966878
660898331051950125
780984085904097321
784346458509803570
782844251608186901
781758294313795606
826765048671764490
781447164936847361
798493616568795148
575680905415491584
686487856524427269
791299175400603700
791183960637440022
814372447234424852
548571383030874134
754801246837145600
618083906155184129
721206396766519398
713726495373131817
782631327500337173
758355858492227637
781769156542070804
781428181084799006
646267696433856516
783364267565907980
781426271309529146
781371795600048169
782127355212595222
697789802275405885
708306669645463643
553591194811105280
782225867849859102
782162044622995486
482115873193066517
830332527297298514
750435428959780934
781402611835469836
791503076493885440
664298559293751328
782533329986912276
521244960675069953
536971382639165454
761271785625747486
781908508525199406
712550000814456835
782159359068471296
780985789936697374
766171388809445406
494391239722926100
551158633262743571
779194757879562240
780662559807111178
567760036928159745
780760032194461717
822018462968184832
780001743068200961
461202111250825230
711823012881760326
794187441153376256
611506423557259294
781441504865681408
771064681128394754
781172695093870593
782061497571868693
504283939146301440
781401512257126410
830451058362023937
781040357018173441
780475760150052894
827943431447248916
666931770742145024
449052732704423959
826138958906785834
718218390002597919
825045993086124124
796275589002035200
735365421540311070
781005797889933382
715489329354506282
564849778136055809
397451303258947585
780973599447842816
781499302505087016
792749858796470282
781531563178590239
564347428065640448
791527327292063756
782544658776850444
589155966600216603
276060004262477825
506339635103006721
825413689141100584
774620623887925288
781433032732311552
782531810810003497
713609680353493054
781409507384623104
783362282469720125
660862495124226084
647638466649391114
781500280247681024
781401037935607828
766708737359478825
648908653339869194
745960912036298842
762568832032047125
770196017738940432
728959377062756465
781064687558721547
772481277160062998
789891168967983125
781556389792317470
781054918659932171
690943280900210769
753602007025320026
547814170935164928
741277714949865474
745253855276695574
385393369783861249
766555587763896342
775015155112476682
782818521024299058
769189989493374996
780748731662204958
781911392797982740
498918279948271631
637888512221511711
571616921942753280
583192428568248350
552855622199148579
780470581127544874
825949401574015036
782173611384766484
805709336243863593
789721914515521538
742239963587936387
781916302624686120
782555051167186965
763663151513600021
781051478429007895
742751769615925318
783354053908103168
726365148016803861
744957838966784050
780774055719600130
781426534153846846
454348595693617154
773910700477251596
781564969187541002
445228572265676821
394542152245575681
600610195911081986
782098713513951262
714499006931140689
482824367739240458
781424062009311241
785245129081487380
744242053717950566
782650391879090206
781376940875186177
782090814539956234
781468543299485716
495875252811857929
795929946458685441
781399852751388692
568697797734563860
767050214670073888
375818197099741188
781092398137999381
702038633355542529
733555083421417472
781462843873558568
766374379600347157
578960227815129110
758584193181024267
673544152562270230
781493955430187038
780658161891541013
788309601946173451
790058017835581440
764136251938439219
536900095229165578
780990694516064297
780658920695005184
814791051343822859
553544304212181003
780976375497883659
740898983857094686
751073775679701082
794100987849605170
794433738611228712
647112457147645992
781095673818382356
534784234527784980
800999687485915146
765984340588625960
781374041307086859
793736500109770792
781595008138608661
554686908798730240
754361191693942825
703543947716329473
809687031810228235
681506046862426138
782278808577114112
781417250057224202
803941696839614494
752915436143902801
785912610373632040
757152130954952714
455264252559753216
733361845972238460
801003996017328128
504612772923965450
781505386108551169
750793387870912643
661969059352543233
519484411033681930
784852896511688754
764018283032477707
782261448910569532
782064694327902218
782532519165427742
624116497933008907
780663157702000710
781066306841608212
780456501906505798
779483582099750922
781775781851955234
761974815057117204
823973864542437407
795474131663061023
826492770893561866
747745042432655373
719093622611640370
547905866255433758
732468218966442115
781497521154949140
500645077765586944
781593396380434473
693690244217831435
781702555989180416
762764216670617650
711387158794993754
782101766308102184
830000510806392832
707135427110502482
753914517523660820
781041008058040370
757239023503802399
790607927651467284
781815314743689217
792775625920348160
240254129333731328
784041687168319498
755314667059937383
780817367461527573
780468683658756146
782532566943137824
648278330529022003
476433215616188417
782123257091981312
586884464848666654
688307338620174336
363355412495597568
662593778271649822
805393892932321290
745360927079006319
781068192914210816
786148844001165313
780771462280773643
780842561349877760
676730387971571712
561866540782452757
502575406474461204
749672063681429574
606160824851103744
697458275653779516
725250921705242674
669216077162479636
692603630804533289
790110527056511018
749185396193361950
696638809541967952
751847623681376278
782259844836491265
750911334841057291
782092823049666560
711214469790826536
782276642080948244
781426887787806764
531165877136261120
780431933091872769
548784460934545408
745132379387199518
775302956735660032
761520980233289728
782165907924713474
532552649011363840
695171296014762004
781115819077402634
531787828108197888
781375706827063306
714465857614512188
780734342879379486
551336763138899978
782264423020625950
781406965992783883
783611353272680449
635232574733680661
781067579355299871
744286807469981808
781534746722435133
781150648820432896
794574331027521548
731007886934933614
696591998961844235
831476027313881108
780978942399741972
531541217171734558
807281831954350180
633277875184730142
780823082205315082
632128263254179890
693450302363271229
781495032599412736
825671774564909097
487440753929224193
780705391478308886
781094807509663744
781913571961208842
780708612397858827
782528944473505803
760173092168925214
553035295818252328
781493457310711830
782543931765424158
471223227511734284
781977029674270731
781047770701627422
764043987874217994
782534133820686346
781436806918307850
790169362665177088
663416235756879906
781065425709957170
629325931013734410
745594485156610120
782645641671081994
758562236313763861
782099605029519401
634449977317261314
553233564771155985
763380314180550656
784793160584265788
782280231209533450
769523817692790794
761113323709923329
776111349305442305
780979444805926944
470080519053508632
724284829549723750
652837156498178048
818478543075409930
713273279808536616
785005188473552927
781023592951447572
670060550042025996
796984605961879602
539708748185468935
352070384620929034
744814034032787507
797707913363587102
780476827910275112
498505832984739888
781486921171206197
529143185868324904
781418848758136842
456538092137086976
584088211110756402
778892461082542120
505449231163719690
781766551707058227
751407479375528016
715094599030407269
772834216089223181
744762807538417684
781410870151348264
781421315999399976
458160057553649686
518264472297537554
780978056524857376
782269933005701171
787188631315546122
799140900055023618
782556133281103912
781061066998022156
758715046237831170
531362946685599745
539723218370691083
781156966298550302
771206837642330127
646072062598840341
641128136880422922
598204242389630996
797466562255912971
760153563263008800
721360159946965074
781494504649130014
707187581888233494
781381047815766038
781162467908648991
753329510761365735
798825550671904808
780298698219454474
806069746184880139
766701666211856414
792220189026287676
790432226730704906
790266544314908693
556510006602760245
782550399550095410
733574028547063809
781383774956552233
688296619401150524
708642405884362772
516500033902739459
780806406944456716
720632950697492541
760787374229291028
812999793713741884
807516054665297920
703312554209968228
701809195611062322
782158150483968050
672423899916664842
757617982380965999
810801354121281606
781448253962584086
780772074112286771
781042985444835348
781553213350477824
781502930594430996
782165014404005909
816186145875558420
718496766978293821
782832871647346708
821294364462284840
781813652595671061
781419525320867840
722361939254312960
781161824795361300
440583490178777089
781407701967699978
637633491600670721
778553937510924299
743796282912538685
781433642995417119
795326807871848489
758741766538264577
758342608509468683
472788536446418944
629054963804405770
782644537998573630
780841803745329183
750327506023874672
781565204861288579
781061699159195679
782068265760849980
782124419589865492
798114881630896158
756470403794337792
769092052976664596
781377588391706664
830755398226935829
717612954727481394
728646026839457823
581758855424376842
234395307759108106
781916889000837140
781598079891406850
486868979281821698
720867302303727656
704224143402598472
791978020616798210
768823942097272853
552328334504099841
792998762707943454
553604223128961025
800733396527611914
782644271206629397
781421903490449418
782273155195600926
698760004827611246
728641388001886211
787667875220815922
567312280539103235
769595207967965205
781057894304448522
781400471645847552
792059724123865118
466897021819944960
772707598071758868
781496270866350080
765039454187552808
516250449293213706
644845119593381899
781534179904323604
373853890384232458
484070546267439116
730743103316820040
781437372411019274
756146912402341941
721803112289140806
463749645349158922
547764832070402048
750285119436357683
754375937851785216
539373152040517633
798574635238817802
706871479110991945
782098989134250054
811147990231154688
772101770382016523
482440583202471936
715973354867130379
783674598662340648
781404154911916074
828986596006428763
693045856563363931
781445895979008021
815164537245925377
663102056122286080
782095786191618120
780777215172280341
593418782886854659
468728367818997760
782103808993525801
478811146170662914
728842631786004480
701967144635727973
759782131131088926
824977846567960656
828659607676125214
711823721958080534
782244944894623775
646386731423105036
782259805057318933
756575386099515543
781156610617769984
768031215780888607
804703171883958272
510147303399620618
745594259603718176
781411188638613514
825590932178862131
780999651549118505
781919039974014978
782158717176250379
782640005025234964
726039924519993346
716333454152826992
803147172207525939
781530892756713482
546667260585050115
826491037269753867
782094413056573480
783709527991255060
579218363226521600
685902561403994126
782065269648392222
770626935654842398
780648433416536077
781064278164766750
781407085496762408
783348548212883456
615851530662313984
736125380284514385
780770229755838485
499564011071864833
823048908841156618
503099450407780352
733939757423394826
712925107911393361
754249833325264956
781426075234336808
780474825835675671
714065211723612263
782158187620990996
722764503024009328
812333010569134131
765910634197418024
829181666782216202
769775013145870354
793841163174019083
790847117399687178
724631796066549841
734948129782366209
641935731916275712
523581652081836043
830698627106078774
780977480211103745
780650208924794900
777378353476796456
781552944021504073
781793455696904255
695523249957634079
780824084568604682
705340294706757673
759308074963435520
490574467190358057
781504669482221608
756513765813649478
781148642181775400
780980154482294814
765548262874284073
781418643224657933
780071639773609984
627908858979024916
781539416396136510
461021392838721547
547408600298160128
781768071957708821
830536368811016272
727098719262081027
781047332841979924
784749016839225354
599484743972552759
495880896889749504
780660588958973976
569864345031540736
642940810970529842
464770811212070942
782091870527684608
610773024383434764
748739091335479337
753968135996178452
754989107134070816
757453028898111611
781768396429197332
692742491669135421
781377182593318922
780748476551659521
782266132949762049
781435326140252170
780647382235873290
757038766861844570
445866416789389312
755016001837334559
781925278913527829
682970095391080547
798211724301172767
815598938580058124
780843121155899422
763642968065441833
781919613104685087
714371317754757128
736541517753352213
781414849598324737
813070061458685962
781769016968216607
783347076628480000
579992293449269261
764933221414076417
559246003853852672
782096912961896478
730658236579184651
795704622748270602
516477364008648716
781420691676987413
780987650777284659
782536642413068308
824319644189851688
420435576513101824
511250279761707008
697942141732782191
747667526598525038
780759982357348365
767718959038070804
755074209734197299
465824721754390528
780706399868551180
781068990507909141
781430154307829810
787673504714719232
715461782801481808
781065407318327297
579629233639260171
781051592693645342
781050411582095400
782102338331607071
712331017335341158
781861799107624971
780654042929299456
748756729516523674
781881168412147734
728124672247463937
781422253569081385
494415474487197696
531803058410356736
757724658450825308
654892759911759932
781561401491324929
733621385309585408
549942497489584129
781443947113087006
618019021643579392
782121917721083976
515207630583627776
751837687635378318
781160743294730241
796792675659546644
753287336917467188
658934421004746752
761235016473641010
801069431789977672
751103337885073459
780823678732599326
750265023695290399
744791002451148900
781500275667370035
782122694061195264
599794112060981261
780752429393772554
781506867025281066
781503261223944222
822493186189688892
790846215121666059
780659844310106123
782647546102153226
742768409715933195
782551650367307776
782089747233374209
781560801726693426
767738984537260044
781776046324187136
805096054042132521
825284458667180053
815215328928727042
781882900357316639
772393647920250882
798220178273992765
782532867711303690
756401094783139862
749453183788777583
781398926195687454
781920855964909619
782884744500346920
292953664492929025
781531551560106034
821417000470839367
534998274675834888
780454415391916033
575670229439610911
829997561083330561
781556726050062346
781422527054086206
749125013902458900
783558959436922891
801479674416857119
649200491104043008
780301353825337365
824380949168128000
751065951893585960
477125846616768514
779026198399025182
750626377312632847
781378732056248331
780453875819347968
493790637426999296
781163548600303618
780302973598826536
811282012328820758
809636609577713694
802415823032680479
569162315761451008
810891532831424553
820958154606772236
743166903270506566
781397966958231582
542453277313335296
781797416591818782
782162511252160512
575926087004061700
607211468156567569
826125602591211560
781061917874716692
781167810457894913
763285719498096650
780970613052407839
507132003741859851
771005385707356181
782533355614109707
781484790934405131
782168081849384971
642419878661324810
458276816071950337
830342571212800000
773120062760550423
813640316619325452
756794398880170016
772496532779958272
786133241643270146
796046084987289641
667103486802133013
725601802606870529
794117080022384651
282556249764134913
518375239567147037
780843834211827732
746622221015056394
760038810242777090
777531361157447691
780073944010981396
703616076809764914
762567302528630805
781776711787216927
734658762551459841
533245765385060352
756042060959711282
827550519298883605
545898159218622464
782166661275975690
719824796732489778
779625855265144882
494487215016247296
781402226924585011
513550483256901635
791885094641336321
621731070693605376
759734059021631540
781148865272217600
726513332189790360
737198203992276994
781031334004391956
781380542456791051
781022618455113779
781419583671238666
743381398261334067
543696354833072129
782262507343183893
573996134150832128
720198690106507265
592453372099952648
649572811765055529
758969898700636181
520157087058100225
781430994971787295
624103908217716767
782554549487009822
697903589137317899
676851524877418545
799335509783871509
706100531076268102
782166214516539392
783357758996086804
757969297166303323
664429716286996481
781922819775660062
758627147224186901
781498242184642570
820846803595296769
780652091668561930
789377431312138280
810860275711868930
753448360404451328
782058952707801099
782529088119242772
780704895703318589
788410910288248872
782168095561220106
781532554985472022
782533436761440277
561829163678302237
780477576635875379
739417470942707742
780986544600383489
822340905264611329
781409881524928542
808550935336714290
705324508067790868
780299275271405569
661112195928817664
780073073013162005
818884011505614869
762583241076637696
783351308539265074
806800349213098014
729156787793559583
781909553868046436
781045267931070495
675063633075634246
479896897264287744
780471661052297268
781421598484725771
725226284145311845
782138324096909353
647386636782665738
826730396946661386
787228468810219530
781410456732303372
780841257525837884
746651439866314755
584006362477101068
781492113485332540
551421340368896020
723565141119074404
725743929231933510
776113756605513758
781563666587189318
780651518738825226
772686357621374986
782067869528752129
625319862444490774
698143618619277323
759792485571624970
781488859317403688
780980759711711252
690945276155920417
793723792060186624
781435757000392714
812316340823392327
780972831957450754
829995380376076308
762642763795005440
555370125654622226
677439880128626701
504866801750900738
783362882564784129
807138065575313449
755363084901679104
781065881476137010
536540117440004096
328819612752019457
781001054807523338
644860632717459479
780770830925824010
509270635026055170
699932536620580874
740538323269058581
727075901489020989
781372357008293889
782275535853322262
744559139815948320
825301860083957790
743074713978273982
500881931034951682
774082264166170624
814526269429514240
693563013030215760
782258460749332492
781070294734602290
751162257232232578
790425576418050120
781469310542807050
790264890467155968
781432506431307836
783297632683425792
741151629012893797
781559809223950347
782550904078729236
761884487633993758
782533244976365579
693445402405371912
732472152070029323
530052577929461770
782099093236744203
820679969889845278
760474292374208512
731224134159171635
776459569668816958
806151304907980870
787624500103479306
806710962572361778
750603068927639574
781372292147314698
327367758507540480
742634315896193086
752776099460677692
571254425172180992
782126805011791892
775214219679105034
715881549048053851
745191942471548969
793021173570600972
782558989670023168
778728182827712543
782548737925840956
751795522897051659
482971628054118441
782545174139633695
781394358293233686
783348000802078730
782486745433505832
780969524589101077
785465506227814421
541962855147110400
782164287036063754
780798878969495623
721453216759545998
783358298618462218
724488332851150899
781423292211789844
789928471378919445
782125473878245387
771261313300824075
821029037043875920
780654915642458132
781440470814556211
788036053633073153
710128675047211068
791617967233433610
775936438902587392
552091457599569926
746160753941413928
781401664733052949
674916871052591124
822215160646336532
588644388343906315
781767250436030505
629977494069706752
763378104844419082
719441487200387104
723455357648764939
782109704125153310
788620962622603314
572009241666125835
763802319489204235
781881797575311360
781432523661639742
825002547794018324
781882304821592084
777964808452309032
700697350187909220
743007735917838388
639860247216914463
819427321848266833
781120100353966112
681830094117142538
736198978697297999
801390577144037386
798556125170630656
762280179740704768
781149470314332171
789464202929766400
780768879185887243
752133000464039957
782546326156083231
781403495663534090
735756591994765314
793898300147236915
759377385060696107
803458489304219708
774893907875332136
781058542123089961
750967180203524106
785350228072726537
809691615844892672
721670326852911105
717977711670329394
479947367597211648
448151336781873152
800718621037953035
624972114797133865
782101054249762816
584204061528686595
731489617101979691
706069178192494642
563699688512028673
672707215639183360
778245629016670228
679973039798222868
662534000883269633
782060390284525598
