756871480393990144
831503274871881746
830733684712800258
830681097950986241
830489770442227732
830118817383710762
829927422463180831
817288923213856809
829096182726131733
829060787599048736
828830409256206356
828586864964272158
828587012297981963
828584795797323857
828218622160666656
827970852431724606
827221785040781403
825377154447179838
825000233658351618
810809077508210769
820667124618887208
828076220368289792
830374266200915977
829099406899806247
829099595829084170
829099680636993596
829099730084298812
829099783414611988
829099830000746496
829099874376089680
829099917314097213
829099962209796166
829100010268262451
829100053283995680
829100094590681088
817291287526637608
829099511493820416
827180507023409212
827179778594570301
827176195724017715
827425735425261570
829251997357178901
759212311821942785
829249176826150953
827171853319143434
827175137978876022
828963759615377429
828963904771850311
828965114505723924
828965004518096927
829166721951727656
828983141103960065
827339690637393931
827172053646966885
830666404805476402
829197108439154729
827162883258712095
827377210208813056
830435533414596668
828968971948523530
829972254163075073
828195452573843456
830714190649884703
830706881210220626
829969206190669835
828203622155681812
817289636643602463
828809912644534283
817289021515759647
826737669232525342
825941371209908234
829107378258968617
827949476026515456
831776859414069259
